1.700586387922210747e+02
-9.360206655678507559e+01
5.183479062831806914e+02
-1.081304123873794509e+01
-2.101318004612149082e+01
2.605350255669227977e+01
7.373344332787181088e+01
-6.869656404111293746e+00
1.760834791892960993e+01
1.539286673190191079e+00
-1.183428471360876255e+00
1.834674281024454601e+01
1.633712757652413572e+01
9.600105630453345640e+00
-2.036459804936214812e+00
2.183888007428596900e+00
-7.982545421207061231e-01
1.346941968449603122e-01
-3.131447224398268503e+00
