5.605255032034290252e+02
9.322416317629914317e+01
1.755345169959707619e+01
-5.222112226504973478e+02
1.726920492540769203e+01
-1.616879451208156349e+00
1.163226135360378422e+01
-7.480415334750870215e+01
-2.784856426373710647e+01
2.623274605628944212e+00
5.598301011387520898e-01
2.274755658432965788e+00
2.888925632038021885e-01
-1.591628086419463983e+01
-1.950758744856953797e+01
2.071391828343681851e+00
-1.373153659615057265e+01
-1.176261206642547386e+01
-1.172563932984545643e+00
