6.986907087356190686e+02
2.599814354447369524e+01
1.232540022203284735e+01
-5.911868333772766846e+02
1.780001403595263820e+00
-3.978507042755909051e+00
-2.169564683316634657e+00
-1.140684777857499057e+02
1.567185392864057825e+01
2.227243701355491989e+00
-7.256371450839765869e-02
1.883548834157030560e+00
5.828048939452028510e-01
1.177022294402736691e+01
-2.158569623631024115e+01
3.510945253675053390e+00
1.161186974506951763e+01
7.765598709089542417e+00
-2.988294445349837236e-01
