2.350711343543481391e+01
1.028314620854586714e+01
5.903201781173521567e+02
1.649851761118466342e+01
3.751277348295583430e-02
-1.449239644696446661e+01
1.149888111523962806e+02
5.938348700654475287e+00
-9.938430903039105146e+00
3.104663101233261724e+00
-2.589532154115441465e+00
1.976396389387850050e+01
-1.300680424955524472e+01
-7.341131887262432265e+00
-5.427840196013526963e-01
1.066891914099449723e+00
2.764288436952654582e+00
-1.216864230088249954e+00
-2.823446850518826157e+00
