7.061804135745920803e+02
2.103842790823448894e+01
2.427009617001973485e+00
-5.626581731442796581e+02
3.770139196197434206e+00
-2.528760571366947651e+00
4.467366948763499934e+00
-1.000232115911016848e+02
-3.185937471496753304e+01
1.683530750857272551e+00
-3.318433650117948441e-01
-1.924212020097389342e+00
1.281550360131409813e-02
-1.580784173884934596e+01
-2.130170085644031630e+01
1.922571669830806185e+00
1.116365163494921653e+01
7.760663394632615564e+00
2.640917681787627647e+00
