1.473199193349093719e+02
-1.008922332747439441e+02
5.436226444303628114e+02
-4.132873991870385844e+00
-2.437472965199404484e+01
2.861972523408898184e+01
8.558647821087755858e+01
2.816044283080446409e+00
-6.831837671921876520e+00
2.047519091762702192e+00
-1.580702113815067644e+00
1.933621173532053916e+01
1.719689752890324641e+01
-8.367226697685461900e+00
1.241142440455442530e+00
-2.106453676723980539e+00
1.443303420328349330e-02
1.731009811918867158e-01
-3.426522905369787875e+00
