6.015304012095047028e+02
1.050693385273561091e+02
-1.279058848330736886e+01
-5.576719601837437494e+02
1.841383101850692583e+01
-1.075405959564290193e+00
-8.247766033517992312e+00
-9.210729130223316474e+01
1.610728121117940859e+01
3.282600308631143715e+00
1.040651396661031874e-01
-2.233217592563270237e+00
-5.967881944486871371e-01
1.279115604575530085e+01
-1.960011574071472396e+01
2.361743308433159605e+00
-1.555446592700776876e+01
-1.128317212300056305e+01
3.032845082448376584e+00
