2.898186224844274150e+01
1.238057212516872774e+01
5.726186297793699396e+02
-6.338207799468044357e+00
-2.036251216793643515e+00
-1.570160978271905350e+01
1.049957440883609507e+02
-1.649912416409120786e+00
2.048884684155008173e+01
3.144869956274310763e+00
-2.383723905907521701e+00
1.920830874813130507e+01
-1.390025517560636459e+01
9.761226276772195121e+00
2.783564735651661959e+00
-2.246973126619275618e+00
2.814659607086662074e+00
-9.218107777462059005e-01
-2.557980791232427276e+00
